  File: /data/mephi-web
  Size: 4096      	Blocks: 8          IO Block: 4096   directory
Device: 259,0	Inode: 2           Links: 3
Access: (2775/drwxrwsr-x)  Uid: ( 1000/mephi-admin)   Gid: ( 1001/mephi-devs)
Context: system_u:object_r:httpd_sys_content_t:s0
Access: 2026-03-28 18:39:26.475935850 +0000
Modify: 2026-03-28 18:39:26.469935617 +0000
Change: 2026-03-28 18:39:26.469935617 +0000
 Birth: 2026-03-28 18:39:20.000000000 +0000
